00855
01038
01748
02624
01198
01595
02637
02705
00118
00463
00925
00802
01867
01827
00945
02108
02497
01167
00314
01349
01968
01523
01774
01597
01836
01002
01204
00843
00695
00687
00745
02551
00556
00791
00739
01832
02101
01105
00355
02444
01745
03003
00885
03006
00365
02639
00383
02312
02859
01433
00525
02515
00922
01538
00362
01954
02117
00937
02052
00044
00301
02241
02695
00536
02698
02409
01106
02348
01187
00277
02277
00411
01411
01141
00686
02254
00704
02282
01471
00854
01468
01696
00643
01192
02894
02001
02114
02631
01567
02957
02399
01455
01366
02264
00507
01011
01266
00956
00623
01943
00432
00862
00913
01293
02572
02176
00027
00305
02646
00929
01474
00902
02882
02849
00239
01084
02246
00359
00028
00754
01639
02394
00827
02019
01516
02856
02638
02383
02654
00821
01464
01671
01973
01727
03026
00253
02758
01432
00599
00743
00099
00169
00793
01974
02359
02668
01914
01665
00088
02147
02289
00101
00708
00915
02706
01892
00235
03009
00247
01793
02979
00229
03018
01036
00273
02016
02284
00705
02547
00312
00578
01814
02438
01508
00006
01702
01522
01994
01376
02533
00653
01383
01969
02674
00179
01782
00056
02276
01795
02546
00797
01252
01791
02986
01828
00441
01525
02832
02064
00986
02699
01491
00848
01216
00597
01932
00067
01029
02314
01375
01937
00248
00806
00987
01389
02512
02078
02054
00954
01322
01325
02765
02892
01772
01781
01481
00501
00719
02132
00948
02652
01863
01769
01062
01487
00215
00781
01488
00899
02015
00171
02711
01453
02265
00475
00092
01358
00135
00395
01642
00563
02717
02379
01235
02814
00903
01921
00403
01022
01458
02151
02759
00967
02397
02936
01109
00737
01301
02342
02616
02739
00557
00306
02398
00472
00753
00796
01726
00566
01206
00813
01631
01583
00109
01456
01451
00196
02884
00606
01171
02454
00673
02372
00121
00888
02072
02177
01134
01634
00762
01294
02442
01655
00792
01028
02898
01056
01809
00972
00125
02681
01951
01874
00697
02074
00431
02771
02907
02914
00527
01716
01664
02499
00046
02726
02267
00132
01075
02959
01229
01656
01191
02671
01935
01629
01674
02757
01165
02781
00522
00054
00034
01436
02433
00185
00519
00779
02999
03014
02215
00032
02295
02748
01131
02636
00322
02526
01562
00846
02517
00456
02306
02531
00698
00233
01526
01511
01984
00872
02109
02741
00051
02797
01163
00391
02558
01457
03017
02586
01851
01564
02086
01811
01305
01425
02204
01342
01372
02152
02155
01594
02419
00158
03025
01101
01596
01188
00817
01071
02232
02761
03028
00736
01151
00297
00278
00349
00709
02287
00947
02233
00632
02555
02199
01982
01834
00437
02719
02827
01703
02071
02989
01967
01424
00486
00108
01991
00447
01842
01164
00341
02393
01133
02588
02219
01102
02316
02482
02503
02261
02326
01821
01064
02746
02973
01314
02568
02702
00596
00031
01761
00333
02785
00128
00023
01227
01586
00268
01972
02184
02895
01225
01541
01531
02563
01291
02018
01264
02786
00789
02355
01622
01802
01161
03041
02811
00153
02202
01461
01007
00136
02389
00484
00883
02225
00464
02081
02537
00089
02303
00663
01412
02997
00275
02539
02993
00259
02838
01111
01803
00823
02197
00157
00852
00335
00732
01218
01443
01346
02794
02733
02192
00734
01174
01345
01121
00498
00668
02336
01132
02795
02507
02041
01394
01808
02863
00012
01701
01178
02963
01731
00226
00008
00917
01058
02017
00255
00137
01496
00966
01712
02614
00691
00652
00594
00727
00326
00576
00909
01255
00593
01891
01938
00582
00238
01021
00892
01883
00801
02067
01114
01382
01026
02667
01729
00983
00573
00323
01944
01237
01606
02576
01208
00808
02734
00752
00417
00898
00377
00558
01352
00523
01807
00539
02445
02478
01893
01644
02869
01091
00955
02769
02229
01711
00756
02599
02253
02388
02323
02377
01246
01244
00272
00644
00252
00537
00025
00818
02423
01632
01681
01281
01289
02473
00082
00863
00346
00208
01824
01779
00449
00993
00193
02697
00579
01228
01543
02096
00803
01203
02618
01427
01136
00688
02075
01112
00729
02817
01274
00487
01843
01286
02033
02249
00718
01095
01049
01323
02905
00374
02988
01413
01684
02984
03016
01848
02079
00117
00311
01941
01571
00274
01083
02122
00095
01267
00433
02885
00706
00747
02707
00015
03039
01478
02545
00455
00245
01931
01404
01428
01747
03023
02216
03033
01928
00343
00194
00223
01326
00689
00833
00553
00062
02715
00264
02182
02144
01072
02097
02153
00292
02529
01548
00693
01945
02154
02595
00104
01408
01333
02941
01549
00199
01904
01435
02121
02094
01183
00386
00216
01176
02076
02678
00683
02843
00406
02581
01652
01129
02429
00607
02784
02172
02763
02472
00254
00058
01061
01637
00655
01615
00146
02236
01975
02792
02519
02645
01915
01117
00364
01927
00659
00656
01265
02806
02425
02395
01955
00148
01787
01744
02403
01417
00769
00942
02874
03007
00398
02463
01662
02565
01088
00237
02745
00681
00741
00991
02138
00572
02812
00296
02627
02285
01823
02509
02906
02878
03040
00804
01728
02243
02516
01987
01599
02541
00144
02955
00761
02315
00114
01137
00478
02625
00575
02724
02684
00316
00485
02112
01292
02891
01819
01998
01074
02788
02609
02048
01574
02776
00419
00979
01232
01032
02116
00949
02879
01578
02585
01697
02621
02214
00692
01846
02047
02321
02566
02648
02926
00724
01584
01888
01555
02675
00271
01679
02712
03036
01502
00893
02787
01023
00785
01693
00242
00965
02521
00657
02952
01887
01909
01739
02467
00646
00481
00912
01467
01917
02319
02666
00981
00165
00957
01641
01226
01635
00667
01196
01263
01758
00982
01463
00315
02559
01822
02205
00083
00703
01439
01144
00861
00036
00378
02791
02032
02291
02673
02186
02384
01604
00019
00532
00367
02919
00996
01545
01311
02967
00504
02367
02642
01485
02494
01672
02082
01976
01416
01004
00073
00373
02735
02953
02426
00057
01215
01826
02466
00414
02091
02037
02842
01751
02293
01849
02378
00651
02349
02783
00249
02053
00615
02063
00559
01201
02653
02178
00045
02247
01108
00014
01785
01212
01275
01431
02135
00583
02007
01542
00978
00694
00612
01912
02481
00658
01222
01514
00093
02065
00911
00645
01707
02854
00776
02659
02218
02908
02862
00889
00265
01831
02858
01573
00744
00352
02709
00281
00425
00423
02582
01735
02902
02035
01402
02263
01592
00613
02935
01983
01259
02647
00921
01817
02028
02722
01005
00517
02363
01966
01902
02775
00394
02532
02511
01045
00884
00648
02181
01607
01017
00809
03002
02804
02755
00236
00065
00366
02087
01357
01663
00961
02708
02391
00269
00393
02779
01055
00163
01209
01053
01919
03013
00589
01103
00868
02208
01741
00149
01691
02313
01866
00611
00824
01786
00516
02009
02213
00016
02046
02465
02406
01202
00598
02649
00122
01869
01127
01648
00783
02974
00011
02909
00302
02764
02451
01645
00787
01627
00474
01709
02167
02924
01296
01037
01965
02608
01247
02826
02766
01507
00218
01221
00091
02333
01494
02491
00176
02845
00246
02754
00372
00087
02317
00828
02584
00639
02431
01518
02475
00354
00327
01722
01018
00214
02104
00038
01885
00331
00526
01754
01746
02665
00919
02807
01778
01678
01082
00988
01249
00726
02255
01019
00618
00874
02837
00534
02183
00288
01128
00097
01098
00294
01576
01318
02767
01335
01977
01384
00562
01093
01546
02148
02899
00304
01386
02159
00494
00707
02688
02683
00465
01685
01591
00435
01521
01579
01479
01284
01601
01048
02808
01985
01158
02262
00567
01988
02982
03010
00428
02802
00061
02353
00225
00905
01081
01715
00629
00461
01015
01224
01359
02237
01288
00812
01881
02415
01512
00679
00123
02283
01911
01504
00376
02564
02381
00712
00129
00621
00725
00664
01565
00604
01794
01755
00049
02592
01459
02468
00113
03020
02239
00669
01628
01483
00975
02157
01175
00869
01908
01687
02069
02744
02672
00143
02897
02134
01426
00489
01638
00661
02656
00992
02495
00369
02985
01534
01773
02187
02612
02173
00926
01442
01993
00971
00482
00767
01031
00098
00262
00755
02392
02436
01668
00002
01847
00289
02272
00963
01419
00197
02992
01466
00317
01405
00387
02093
00786
00207
00822
00071
00896
02385
00757
01034
01438
02013
00444
01251
00568
00927
01986
01957
02092
00901
00565
02789
00775
00231
02165
01282
01535
01344
00876
01498
01841
01732
00189
01039
01875
02322
01805
02915
01373
00159
01329
00467
02824
01614
01698
00213
01328
02829
01733
00329
01016
02174
02045
02115
02968
02923
02567
02056
01434
00959
00375
00771
00845
01956
01024
01963
00103
00733
00381
00363
02663
02868
02311
02987
00131
01469
00696
00676
01331
01138
01845
01561
01961
02961
00717
00641
01068
02501
02972
00758
02571
02762
02129
01568
00678
01864
02947
00079
01528
02274
00048
02131
00345
01647
00446
00617
02008
00574
02549
00219
01243
00244
02772
01172
02562
02198
01057
02036
01066
01933
00772
00773
00105
02189
00535
02954
01752
01964
01073
02011
00039
00192
02448
00407
01008
02368
00405
00358
00155
00205
01582
01577
00075
00625
00841
00181
01536
00086
02158
01705
02146
00989
02693
02634
01895
02024
01553
00415
01958
01789
01768
01946
01804
00541
02828
03011
02203
01872
01569
02111
02077
01186
01699
03005
02938
02469
01415
01633
01041
02917
01423
00209
01852
02258
02799
02752
01223
01278
00451
02206
00059
02851
00167
01719
01179
02488
01554
01123
00635
01723
01447
01338
00321
01421
02324
01999
02777
02548
00849
00172
00053
02221
02332
02977
01395
00005
02809
01898
00202
02376
00512
02605
00595
01581
01299
02714
01315
01092
01233
01962
01177
01737
02561
00608
00434
00633
01009
01242
01287
01916
00203
02304
01309
02449
02413
01878
02751
02904
00764
02201
02223
01884
01643
00421
00384
02245
01654
00829
01757
01905
00588
02622
01756
01362
02594
00385
01193
02871
00714
02664
02596
02396
00368
02139
02853
01588
01812
02601
00022
00887
00999
00815
03001
01444
01195
00043
02883
01936
00649
03043
00897
02951
02133
01085
02088
02339
00399
01477
01653
01636
00001
00521
02297
01495
00826
02149
01527
00859
01268
02995
00964
01054
02143
00418
02525
00542
01572
01775
02756
03030
00119
01669
00564
02929
00047
01692
00934
00722
01503
00397
02603
02836
02464
01356
01675
01552
00973
02266
01766
00931
01234
01603
00935
02538
02506
00284
00021
00182
00124
02978
02994
02896
01661
00186
01334
02544
00495
01371
00492
01835
02195
02975
02996
02212
00003
01317
02222
00998
00581
01713
02816
02318
01319
01189
00353
02934
00879
02669
00547
02619
02437
01617
01033
02689
02126
00154
02256
02369
00701
00605
02014
02428
00168
02196
01907
01097
03024
01214
02439
02773
02589
01682
01613
02434
02058
01122
02942
02875
02458
00476
01283
00151
02927
03045
01236
02916
02364
02404
01059
02493
02386
02867
01566
01067
01658
00371
00334
02613
02865
02818
00336
00577
00549
02866
01368
00834
00873
00445
00795
00174
01312
02864
03044
00735
00514
00974
01381
01365
02456
03029
02958
02701
00126
01598
01886
01051
01027
02692
02578
00742
00882
00631
01533
02408
01611
00258
00699
00351
00941
00555
01269
00177
02587
02083
02964
01492
02345
02248
00064
01077
02421
01906
02737
01104
00548
01856
00187
01482
00286
00243
00388
00161
00496
02281
01544
00115
00675
02888
02162
02039
01871
01086
02946
00721
01624
01625
01256
00295
02286
02632
00904
02022
01903
03037
01245
03042
01517
02268
00412
01776
01409
01388
02913
00777
02099
00497
02417
01788
00586
01718
02005
00307
02841
02591
02703
02819
00685
02768
01616
01422
01107
01971
01501
02354
02685
02105
02823
01934
00891
01762
00788
01918
01666
02643
01079
01896
02651
01116
01013
02123
02402
00546
02136
02658
00528
01069
00552
00401
02573
01997
01771
01952
02903
01271
01065
01694
02641
01306
01838
02461
00928
01367
01253
00543
00838
01979
02279
02602
02492
00232
02844
01499
02002
01347
00877
01862
00969
01602
02728
02738
02335
03019
00914
02723
02207
01211
00279
01813
01959
00627
00628
01797
02443
00506
00413
00619
00763
01844
00382
00285
02536
02556
00723
01182
01825
02514
01295
03034
02113
01623
02677
00361
01012
00241
01609
01486
01449
00017
01792
02535
00805
01923
01854
00293
02106
00473
02307
02847
02026
00298
00427
00299
03031
02325
02125
00984
02502
00204
03008
00357
02921
01207
02259
01231
00938
00944
00488
02966
00324
01153
00671
01763
02329
01509
02937
00746
01199
00799
01683
00682
02042
00164
01277
02731
00784
01441
02729
01575
02374
02209
00452
02803
00637
00499
02424
01855
02061
02971
02334
02407
02066
01547
01796
01876
00267
01089
01753
00867
02337
02004
01155
01539
00666
01354
01145
01497
01147
02718
00561
02796
01398
02328
01621
02269
02238
02577
00749
01025
02025
02815
01889
01087
01816
01351
01397
02825
00836
02834
02522
00968
02925
01646
02736
00916
01619
01197
00953
01353
00952
01686
02288
02128
01308
01142
01557
02687
01118
00111
01401
02193
02006
01947
01337
01925
00175
01493
02366
00715
01913
00424
02725
01369
02089
02228
00234
02452
02633
00857
00257
01833
01783
01159
00211
02949
02487
02038
01724
01798
01989
01392
00531
01096
01219
00081
01099
02145
01587
00856
00251
02661
02575
01677
02057
01313
01185
00145
02141
00256
00183
00261
00811
01393
02271
01361
02479
01154
00409
02944
01119
00511
00319
01689
00162
00379
00138
02003
01992
00774
00112
00084
00076
01303
02446
01273
00133
00943
01285
01217
01858
02998
02552
00429
01589
01078
01948
02939
01339
00881
02611
02716
01939
01708
00505
02912
00212
02813
02227
02901
00139
02496
01676
00951
02068
00839
02579
02418
03021
00674
02931
00545
00962
02062
00738
00985
02485
02257
00616
01472
00592
01777
00923
01126
02801
02557
00569
02275
02918
00462
00106
01465
01462
00471
02805
01743
01446
00188
00342
02508
00958
01806
01815
00392
01304
02686
02302
02382
02574
01473
01149
00908
02102
00835
02635
00748
00529
01156
02742
01181
03038
00976
03015
00422
01115
00072
02164
00282
02749
00107
02969
02296
00585
02124
02161
01759
00453
01173
00332
02877
02119
00587
02166
00713
00313
02226
02774
01924
02873
02346
01513
01532
02278
01529
02059
02743
01166
00156
01618
02991
02441
01894
01348
00602
00515
00936
02617
00766
02583
02422
01556
02401
00751
00224
00814
01765
01626
02411
02414
00895
02294
03012
00457
00283
03027
00875
01399
01996
01837
02309
00141
01406
01868
02331
00518
00347
02732
02034
01563
02098
00591
02793
00454
02231
01801
01194
02217
00702
01379
02327
01063
01355
01897
02498
00033
02694
01742
02362
02084
00647
02486
00907
00924
00024
02886
02029
02981
01695
00932
01721
02727
02476
02721
00042
01717
00037
00624
00426
00603
01414
02887
00069
02344
00684
02943
01302
02644
00438
02821
01336
00402
00318
02211
02301
01076
02518
01238
01052
01942
01861
01006
00554
00356
01877
00263
02168
01559
00768
02244
01926
01784
01403
02341
02027
01445
01327
00303
01859
01901
01162
01272
00837
00778
00871
02513
01475
02051
02983
00551
02347
00389
00851
01593
02435
02657
02855
01839
02175
00614
02606
00584
00448
02798
02462
02416
02185
00844
02049
02194
00328
01343
01387
01922
00068
01551
01738
01476
01704
01184
02676
02474
02351
02188
01452
00466
00533
00508
02235
02848
02338
01248
00858
03035
00308
01505
02527
01276
00832
02043
00348
02528
01651
00886
00794
00221
00147
02753
00416
02055
02679
01605
01853
02308
01612
02976
02965
02852
01865
01046
02073
01205
00759
00807
02747
00035
00866
02358
01736
01899
02893
01829
01321
00662
01113
00634
01857
01537
01585
00026
01143
02662
02839
01524
02831
02598
02542
02343
02103
00622
00443
01377
00997
00728
02142
00266
00782
02365
01767
00609
02273
02489
01764
02457
02432
02252
00636
00055
00665
01297
01364
00178
00493
00198
02945
00142
02459
02447
02876
01341
01261
01001
00458
02292
01391
01094
02021
01978
01241
01003
01489
02691
01448
01659
02373
00503
00166
02696
02872
00994
02928
00344
01042
01307
00571
02127
02044
00483
01239
02962
00102
01258
02371
00939
02534
02554
02524
02234
00677
00291
02477
00798
00078
02623
02956
00977
00408
00077
02597
01139
02137
01608
02607
01035
02543
01714
00469
01213
01454
03022
01725
02628
02505
01014
01873
02835
02427
02553
02484
02242
02822
01882
00865
00538
00933
01169
00544
00404
02932
01324
01953
01929
01257
02023
00894
00459
00339
03004
02846
02523
02357
01125
02453
00276
01437
02857
02569
02299
02171
01995
02224
00325
00127
00222
00337
00995
02889
00816
02682
01316
01515
01749
00878
01519
02375
00201
00436
02095
00227
00066
01378
02405
01649
02412
01667
02156
01818
00477
00191
01043
00654
00004
02031
01506
00509
01152
02251
00819
00765
01734
00396
00825
02298
02169
02455
00731
02118
02933
02352
02179
01558
01044
01799
02471
00626
02655
01657
00918
01047
00439
00134
02085
01949
00013
00442
02881
01688
02387
00946
03032
02629
00116
01981
00094
00906
02713
00847
01254
00638
02704
02191
02305
01673
00152
02163
01879
02012
00287
00009
01706
00309
00642
02778
01332
00711
01279
00338
02356
01148
02483
02948
01484
02504
00672
02833
00601
02107
02361
01298
01262
00716
